3,1
3,3
10,176
10,105
10,170
10,175
10,266
11,15
11,5
9,7
8,17
8,13
8,11
8,16
8,12
28,3
28,1
27,3
27,1
26,3
26,2
26,1
25,3
25,1
20,3
20,2
20,1
19,3
19,2
19,1
12,3
12,2
12,1
11,30
11,29
11,28
11,27
11,26
11,25
11,24
11,23
11,22
11,21
11,17
11,16
11,10
11,9
11,8
11,7
11,3
11,2
11,1
10,316
10,315
10,314
10,313
10,312
10,311
10,310
10,309
10,308
10,307
10,306
10,305
10,304
10,303
10,302
10,301
10,300
18,1
10,299
18,3
10,298
10,297
10,296
10,295
10,294
10,293
10,292
10,291
14,1
10,290
14,3
10,289
10,141
